008705
015410
027732
043269
063936
074718
089154
096572
103886
112052
153778
155329
190406
195087
203436
209418
212938
224320
237278
240670
241980
259215
261993
280533
285530
286967
292424
301129
307441
312465
321676
324953
326183
332883
338093
344760
345500
361909
365365
387932
390982
392749
398218
401454
404505
407516
411361
422580
430809
460588
475298
476752
477741
479168
485655
488552
494864
503973
515202
528947
529753
533141
538815
543613
576840
612400
622805
623409
624237
634497
654605
657925
667506
671486
672950
675390
676579
678958
687228
688093
708645
711947
714553
717779
735969
751766
755873
768903
773649
775531
779435
782292
796443
824940
842581
862245
865339
870313
873952
876613
877545
880955
890656
893713
900899
913857
917989
921600
922919
924811
954493
959600
960921
963950
968627
976174
980821
989526
992526
999134
